# Chunk-averaged data for fix 4 and group all
# Timestep Number-of-chunks Total-count
# Chunk Coord1 Ncount v_atemp
100000 40 23039.999999999996
  1 1.24178 582.632 607.279
  2 11.2418 568.073 609.252
  3 21.2418 586.751 613.738
  4 31.2418 551.378 614.473
  5 41.2418 561.504 619.331
  6 51.2418 554.67 624.446
  7 61.2418 560.87 622.526
  8 71.2418 599.063 626.494
  9 81.2418 630.874 627.957
  10 91.2418 596.861 628.014
  11 101.242 605.434 631.119
  12 111.242 558.404 627.025
  13 121.242 575.303 627.193
  14 131.242 572.557 625.67
  15 141.242 561.314 625.779
  16 151.242 572.493 623.83
  17 161.242 558.314 621.318
  18 171.242 596.632 619.742
  19 181.242 611.578 620.843
  20 191.242 585.678 615.247
  21 201.242 597.506 613.197
  22 211.242 567.076 609.677
  23 221.242 595.665 606.182
  24 231.242 601.671 607.355
  25 241.242 581.515 604.985
  26 251.242 609.741 602.128
  27 261.242 579.35 602.185
  28 271.242 589.554 598.896
  29 281.242 555.618 599.762
  30 291.242 572.288 599.443
  31 301.242 536.806 597.121
  32 311.242 559.853 599.067
  33 321.242 584.933 603.94
  34 331.242 570.066 601.01
  35 341.242 567.133 600.366
  36 351.242 573.575 601.3
  37 361.242 542.514 601.675
  38 371.242 547.979 604.92
  39 381.242 549.076 605.988
  40 391.242 567.699 606.979
200000 40 23039.999999999993
  1 1.24178 583.509 613.651
  2 11.2418 568.061 616.808
  3 21.2418 586.637 620.635
  4 31.2418 550.762 623.297
  5 41.2418 561.117 625.002
  6 51.2418 555.446 629.773
  7 61.2418 561.244 629.028
  8 71.2418 599.501 626.186
  9 81.2418 630.773 624.776
  10 91.2418 595.766 624.812
  11 101.242 606.094 631.168
  12 111.242 557.838 634.364
  13 121.242 575.018 634.679
  14 131.242 572.467 631.138
  15 141.242 561.847 629.504
  16 151.242 572.269 626.137
  17 161.242 558.364 622.471
  18 171.242 597.541 621.011
  19 181.242 611.728 620.972
  20 191.242 585.913 613.025
  21 201.242 598.573 612.207
  22 211.242 564.907 610.126
  23 221.242 596.553 607.403
  24 231.242 601.249 602.093
  25 241.242 581.827 599.87
  26 251.242 609.809 600.328
  27 261.242 579.491 601.813
  28 271.242 589.95 601.26
  29 281.242 555.787 603.749
  30 291.242 571.714 600.686
  31 301.242 537.15 599.134
  32 311.242 559.001 594.078
  33 321.242 583.842 596.191
  34 331.242 572.027 597.551
  35 341.242 567.191 598.933
  36 351.242 572.749 603.025
  37 361.242 542.768 605.945
  38 371.242 546.787 609.828
  39 381.242 549.732 610.406
  40 391.242 566.997 610.135
300000 40 23040
  1 1.24178 584.044 611.816
  2 11.2418 568.792 614.918
  3 21.2418 584.232 618.435
  4 31.2418 552.296 623.019
  5 41.2418 561.548 624.436
  6 51.2418 554.609 623.423
  7 61.2418 560.669 624.65
  8 71.2418 599.219 625.482
  9 81.2418 630.739 628.645
  10 91.2418 594.856 630.02
  11 101.242 605.403 627.977
  12 111.242 557.287 628.493
  13 121.242 574.698 629.341
  14 131.242 572.956 628.248
  15 141.242 561.254 629.921
  16 151.242 571.671 630.951
  17 161.242 559.066 628.098
  18 171.242 597.446 627.211
  19 181.242 612.067 624.011
  20 191.242 586.197 625.278
  21 201.242 598.547 624.076
  22 211.242 561.066 619.219
  23 221.242 596.557 614.598
  24 231.242 602.252 614.619
  25 241.242 581.402 614.063
  26 251.242 610.737 607.617
  27 261.242 579.671 603.835
  28 271.242 590.946 602.964
  29 281.242 555.534 597.451
  30 291.242 571.632 597.241
  31 301.242 537.567 593.449
  32 311.242 559.112 596.037
  33 321.242 583.823 595.135
  34 331.242 573.604 595.774
  35 341.242 567.631 595.682
  36 351.242 572.646 599.945
  37 361.242 544.147 601.261
  38 371.242 546.674 606.478
  39 381.242 549.238 605.594
  40 391.242 568.163 607.098
400000 40 23040
  1 1.24178 584.095 616.852
  2 11.2418 569.261 619.208
  3 21.2418 585.586 621.159
  4 31.2418 551.39 618.851
  5 41.2418 560.852 619.967
  6 51.2418 554.099 621.871
  7 61.2418 559.971 623.422
  8 71.2418 599.325 625.191
  9 81.2418 630.094 627.11
  10 91.2418 594.043 627.333
  11 101.242 604.761 625.524
  12 111.242 559.276 630.06
  13 121.242 574.828 631.192
  14 131.242 572.411 630.441
  15 141.242 561.036 633.708
  16 151.242 571.848 630.375
  17 161.242 558.053 627.331
  18 171.242 597.892 621.371
  19 181.242 611.977 616.663
  20 191.242 585.667 620.371
  21 201.242 598.991 618.475
  22 211.242 560.726 618.091
  23 221.242 595.621 615.566
  24 231.242 602.226 614.463
  25 241.242 581.32 615.688
  26 251.242 615.722 612.742
  27 261.242 578.043 609.935
  28 271.242 591.749 606.872
  29 281.242 554.974 603.031
  30 291.242 572.126 598.278
  31 301.242 537.537 595.181
  32 311.242 557.206 597.202
  33 321.242 585.655 595.203
  34 331.242 572.581 601.283
  35 341.242 567.979 605.446
  36 351.242 573.572 608.189
  37 361.242 542.901 613.033
  38 371.242 546.025 614.272
  39 381.242 550.596 610.712
  40 391.242 567.983 612.153
500000 40 23040.000000000007
  1 1.24178 584.783 618.59
  2 11.2418 569.622 615.971
  3 21.2418 584.69 615.658
  4 31.2418 552.029 616.862
  5 41.2418 561.699 618.124
  6 51.2418 552.43 621.429
  7 61.2418 562.828 624.016
  8 71.2418 600.789 626.551
  9 81.2418 630.591 631.883
  10 91.2418 594.212 638.904
  11 101.242 603.307 640.263
  12 111.242 559.102 639.922
  13 121.242 575.301 634.383
  14 131.242 571.522 630.479
  15 141.242 561.709 625.673
  16 151.242 571.459 623.155
  17 161.242 559.28 623.693
  18 171.242 596.917 620.012
  19 181.242 610.361 616.06
  20 191.242 586.159 616.544
  21 201.242 599.209 617.698
  22 211.242 560.187 615.823
  23 221.242 595.272 616.869
  24 231.242 600.512 617.142
  25 241.242 582.647 611.611
  26 251.242 616.951 612.5
  27 261.242 577.572 608.926
  28 271.242 591.926 607.589
  29 281.242 555.457 604.686
  30 291.242 571.746 605.063
  31 301.242 537.84 603.794
  32 311.242 557.521 601.769
  33 321.242 585.17 600.924
  34 331.242 573.923 603.398
  35 341.242 567.391 608.081
  36 351.242 573.294 610.933
  37 361.242 543.105 611.154
  38 371.242 544.772 615.136
  39 381.242 551.198 617.567
  40 391.242 565.518 618.504
600000 40 23040.000000000007
  1 1.24178 587.024 622.176
  2 11.2418 574.575 624.425
  3 21.2418 581.349 623.6
  4 31.2418 551.58 624.288
  5 41.2418 560.336 627.008
  6 51.2418 551.48 632.499
  7 61.2418 562.873 634.241
  8 71.2418 603.623 632.97
  9 81.2418 628.155 631.89
  10 91.2418 596.212 636.384
  11 101.242 601.198 639.476
  12 111.242 557.689 641.626
  13 121.242 574.853 637.745
  14 131.242 571.632 633.605
  15 141.242 561.358 628.177
  16 151.242 569.647 630.952
  17 161.242 557.894 629.683
  18 171.242 596.862 627.074
  19 181.242 609.202 625.383
  20 191.242 586.773 625.524
  21 201.242 598.459 623.85
  22 211.242 559.797 619.405
  23 221.242 592.938 620.018
  24 231.242 599.909 616.051
  25 241.242 583.706 615.151
  26 251.242 614.111 612.102
  27 261.242 578.661 607.708
  28 271.242 595.111 609.995
  29 281.242 553.776 606.116
  30 291.242 570.88 606.223
  31 301.242 537.937 602.223
  32 311.242 558.774 603.646
  33 321.242 583.157 604.033
  34 331.242 573.515 601.175
  35 341.242 570.505 604.594
  36 351.242 572.128 608.41
  37 361.242 541.967 609.127
  38 371.242 543.971 613.035
  39 381.242 552.307 616.32
  40 391.242 574.075 621.204
700000 40 23040.000000000004
  1 1.24178 586.54 618.003
  2 11.2418 575.832 616.587
  3 21.2418 581.212 618.437
  4 31.2418 552.479 622.117
  5 41.2418 560.018 626.038
  6 51.2418 550.593 625.542
  7 61.2418 562.173 630.391
  8 71.2418 608.26 629.614
  9 81.2418 625.393 636.273
  10 91.2418 597.223 639.047
  11 101.242 600.212 641.056
  12 111.242 557.231 645.273
  13 121.242 574.939 645.36
  14 131.242 571.517 638.645
  15 141.242 561.31 634.262
  16 151.242 569.452 636.089
  17 161.242 558.022 634.954
  18 171.242 596.962 629.427
  19 181.242 609.133 625.103
  20 191.242 586.256 622.405
  21 201.242 598.938 623.369
  22 211.242 556.82 620.177
  23 221.242 592.429 622.494
  24 231.242 599.969 620.637
  25 241.242 584.696 616.763
  26 251.242 614.22 618.29
  27 261.242 579.321 616.454
  28 271.242 596.786 613.238
  29 281.242 552.884 612.079
  30 291.242 571.211 609.844
  31 301.242 538.142 605.067
  32 311.242 557.529 607.903
  33 321.242 581.584 607.844
  34 331.242 576.888 611.176
  35 341.242 568.823 616.299
  36 351.242 571.851 617.793
  37 361.242 542.541 615.828
  38 371.242 543.286 614.467
  39 381.242 550.41 616.324
  40 391.242 576.916 617.491
800000 40 23039.999999999996
  1 1.24178 590.132 621.145
  2 11.2418 571.117 622.879
  3 21.2418 580.333 626.97
  4 31.2418 553.928 630.624
  5 41.2418 560.509 631.061
  6 51.2418 550.709 635.609
  7 61.2418 562.717 637.71
  8 71.2418 607.128 641.762
  9 81.2418 625.986 642.274
  10 91.2418 596.946 640.337
  11 101.242 600.359 645.918
  12 111.242 558.182 639.709
  13 121.242 575.733 636.934
  14 131.242 571.047 631.811
  15 141.242 561.185 629.843
  16 151.242 569.21 633.337
  17 161.242 558.082 628.712
  18 171.242 595.794 625.381
  19 181.242 609.428 624.34
  20 191.242 587.392 622.371
  21 201.242 599.228 620.101
  22 211.242 555.625 621.429
  23 221.242 592.658 617.277
  24 231.242 599.155 623.117
  25 241.242 585.393 621.965
  26 251.242 615.156 620.773
  27 261.242 579.74 619.036
  28 271.242 596.715 615.192
  29 281.242 553.453 608.421
  30 291.242 571.283 602.321
  31 301.242 537.65 600.041
  32 311.242 557.383 606.49
  33 321.242 579.692 609.564
  34 331.242 580.078 611.246
  35 341.242 567.471 614.707
  36 351.242 572.891 615.197
  37 361.242 543.904 617.606
  38 371.242 541.253 616.237
  39 381.242 550.556 617.317
  40 391.242 574.801 617.128
900000 40 23040.000000000004
  1 1.24178 590.08 621.82
  2 11.2418 575.977 621.574
  3 21.2418 583.908 623.105
  4 31.2418 552.696 624.735
  5 41.2418 559.095 629.405
  6 51.2418 550.09 633.967
  7 61.2418 562.711 632.464
  8 71.2418 606.963 635.681
  9 81.2418 624.942 639.289
  10 91.2418 597.736 641.539
  11 101.242 600.483 647.318
  12 111.242 557.024 647.11
  13 121.242 576.692 642.256
  14 131.242 569.873 639.238
  15 141.242 561.483 640.078
  16 151.242 568.966 634.869
  17 161.242 557.712 633.668
  18 171.242 596.292 627.523
  19 181.242 608.472 631.696
  20 191.242 586.872 631.044
  21 201.242 596.66 626.997
  22 211.242 557.008 624.125
  23 221.242 591.671 622.92
  24 231.242 598.852 622.063
  25 241.242 588.897 621.089
  26 251.242 613.266 617.095
  27 261.242 579.65 614.127
  28 271.242 596.739 608.75
  29 281.242 552.968 606.234
  30 291.242 570.601 599.834
  31 301.242 537.986 596.366
  32 311.242 556.969 601.092
  33 321.242 581.124 601.547
  34 331.242 579.701 602.793
  35 341.242 567.504 612.219
  36 351.242 572.693 613.147
  37 361.242 543.363 612.484
  38 371.242 541.577 617.178
  39 381.242 549.846 618.855
  40 391.242 574.856 621.78
1000000 40 23040
  1 1.24178 591.076 618.029
  2 11.2418 575.403 620.123
  3 21.2418 584.691 621.058
  4 31.2418 552.624 625.652
  5 41.2418 558.788 628.806
  6 51.2418 550.164 631.453
  7 61.2418 562.538 635.043
  8 71.2418 607.407 636.26
  9 81.2418 624.525 640.563
  10 91.2418 597.476 645.902
  11 101.242 600.12 645.158
  12 111.242 557.277 640.511
  13 121.242 576.94 639.714
  14 131.242 569.773 640.31
  15 141.242 562.417 638.859
  16 151.242 568.433 635.265
  17 161.242 558.59 633.609
  18 171.242 594.276 635.266
  19 181.242 608.873 634.813
  20 191.242 585.441 633.153
  21 201.242 597.11 633.797
  22 211.242 558.472 630.615
  23 221.242 592.167 629.949
  24 231.242 597.2 624.014
  25 241.242 589.333 622.857
  26 251.242 613.016 616.773
  27 261.242 580.33 614.489
  28 271.242 595.775 609.739
  29 281.242 552.696 605.262
  30 291.242 569.876 603.901
  31 301.242 539.414 603.322
  32 311.242 556.906 603.191
  33 321.242 581.403 605.257
  34 331.242 579.334 607.36
  35 341.242 567.611 606.516
  36 351.242 572.853 606.955
  37 361.242 543.218 608.456
  38 371.242 541.607 608.631
  39 381.242 550.102 611.948
  40 391.242 574.745 613.134
