# Chunk-averaged data for fix 4 and group all
# Timestep Number-of-chunks Total-count
# Chunk Coord1 Ncount v_atemp
100000 21 11520.000000000002
  1 2.83609 566.634 430.966
  2 12.8361 586.969 432.388
  3 22.8361 564.843 432.487
  4 32.8361 576.055 437.886
  5 42.8361 563.692 438.822
  6 52.8361 602.79 442.536
  7 62.8361 601.865 440.722
  8 72.8361 582.931 437.05
  9 82.8361 567.977 438.862
  10 92.8361 557.177 436.915
  11 102.836 572.144 434.198
  12 112.836 593.118 430.132
  13 122.836 576.649 428.272
  14 132.836 549.902 427.959
  15 142.836 593.545 424.323
  16 152.836 562.871 422.456
  17 162.836 572.827 424.267
  18 172.836 569.075 425.481
  19 182.836 553.362 427.306
  20 192.836 576.592 428.781
  21 202.836 28.9822 432.531
200000 21 11519.999999999998
  1 2.83609 565.962 433.456
  2 12.8361 587.772 435.092
  3 22.8361 564.955 438.046
  4 32.8361 575.573 438.391
  5 42.8361 563.119 440.277
  6 52.8361 602.879 442.706
  7 62.8361 601.825 441.401
  8 72.8361 582.861 438.743
  9 82.8361 567.64 435.15
  10 92.8361 557.904 430.19
  11 102.836 572.623 428.398
  12 112.836 592.414 428.138
  13 122.836 578.268 427.539
  14 132.836 551.442 427.381
  15 142.836 592.964 426.172
  16 152.836 561.711 425.632
  17 162.836 572.815 425.097
  18 172.836 567.967 431.3
  19 182.836 553.298 432.335
  20 192.836 576.789 432.01
  21 202.836 29.2194 432.788
300000 21 11519.999999999998
  1 2.83609 565.451 435.458
  2 12.8361 588.522 438.765
  3 22.8361 564.451 439.925
  4 32.8361 576.077 441.406
  5 42.8361 563.077 440.447
  6 52.8361 603.139 437.089
  7 62.8361 601.695 435.672
  8 72.8361 582.56 435.344
  9 82.8361 567.792 432.541
  10 92.8361 558.015 433.603
  11 102.836 573.009 431.784
  12 112.836 591.925 428.237
  13 122.836 578.29 427.396
  14 132.836 552.688 428.72
  15 142.836 591.781 427.895
  16 152.836 562.236 427.723
  17 162.836 572.071 429.424
  18 172.836 568.105 435.57
  19 182.836 553.351 437.214
  20 192.836 576.119 435.675
  21 202.836 29.6466 435.858
400000 21 11520
  1 2.83609 565.648 433.038
  2 12.8361 585.205 436.056
  3 22.8361 566.26 437.119
  4 32.8361 575.393 442.625
  5 42.8361 563.209 446.103
  6 52.8361 603.254 444.38
  7 62.8361 600.38 443.72
  8 72.8361 582.122 439.465
  9 82.8361 567.834 438.592
  10 92.8361 556.626 437.861
  11 102.836 571.558 437.865
  12 112.836 592.404 436.226
  13 122.836 577.657 432.128
  14 132.836 554.786 429.038
  15 142.836 591.296 430.118
  16 152.836 567.214 426.668
  17 162.836 571.283 429.373
  18 172.836 567.69 432.358
  19 182.836 556.031 432.376
  20 192.836 576.42 432.004
  21 202.836 27.7298 435.841
500000 21 11519.999999999998
  1 2.83609 567.9 433.49
  2 12.8361 584.3 435.076
  3 22.8361 565.041 440.039
  4 32.8361 576.145 440.857
  5 42.8361 564.465 446.047
  6 52.8361 600.241 447.785
  7 62.8361 598.627 448.703
  8 72.8361 582.687 446.436
  9 82.8361 569.115 444.002
  10 92.8361 557.114 439.396
  11 102.836 571.736 440.001
  12 112.836 592.846 438.369
  13 122.836 577.934 432.534
  14 132.836 554.033 431.804
  15 142.836 591.06 428.097
  16 152.836 567.023 428.223
  17 162.836 571.318 427.694
  18 172.836 568.177 427.351
  19 182.836 556.056 428.263
  20 192.836 576.851 430.808
  21 202.836 27.3304 435.913
600000 21 11520.000000000002
  1 2.83609 567.145 436.148
  2 12.8361 585.131 440.588
  3 22.8361 564.779 441.701
  4 32.8361 575.998 443.798
  5 42.8361 564.812 447.875
  6 52.8361 600.113 449.149
  7 62.8361 599.768 446.386
  8 72.8361 584.201 442.619
  9 82.8361 567.785 437.778
  10 92.8361 557.291 437.448
  11 102.836 573.072 436.871
  12 112.836 592.433 437.396
  13 122.836 576.464 434.603
  14 132.836 555.024 433.56
  15 142.836 589.027 428.896
  16 152.836 567.058 428.435
  17 162.836 571.259 428.597
  18 172.836 568.459 428.53
  19 182.836 555.594 431.57
  20 192.836 576.72 433.352
  21 202.836 27.868 434.872
700000 21 11520
  1 2.83609 567.482 440.484
  2 12.8361 585.722 442.981
  3 22.8361 564.8 443.045
  4 32.8361 575.943 440.768
  5 42.8361 564.584 442.574
  6 52.8361 599.634 443.328
  7 62.8361 600.631 442.432
  8 72.8361 583.512 443.569
  9 82.8361 567.571 443.011
  10 92.8361 556.931 441.968
  11 102.836 572.202 440.87
  12 112.836 592.724 435.138
  13 122.836 577.426 433.528
  14 132.836 556.802 428.99
  15 142.836 590.085 426.465
  16 152.836 565.74 428.972
  17 162.836 570.85 431.184
  18 172.836 567.587 435.417
  19 182.836 554.482 439.068
  20 192.836 576.695 439.55
  21 202.836 28.5962 436.558
800000 21 11520.000000000002
  1 2.83609 568.125 440.068
  2 12.8361 585.363 441.755
  3 22.8361 567.397 445.238
  4 32.8361 574.706 442.954
  5 42.8361 564.408 443.288
  6 52.8361 598.372 443.5
  7 62.8361 600.728 443.204
  8 72.8361 582.204 442.323
  9 82.8361 568.28 440.953
  10 92.8361 557.815 439.055
  11 102.836 572.699 438.204
  12 112.836 592.388 440.18
  13 122.836 576.764 438.145
  14 132.836 556.614 435.65
  15 142.836 586.944 432.059
  16 152.836 568.039 430.888
  17 162.836 571.201 432.397
  18 172.836 567.719 434.442
  19 182.836 554.288 438.215
  20 192.836 577.687 439.338
  21 202.836 28.2585 442.356
900000 21 11520
  1 2.83609 568.236 441.921
  2 12.8361 584.945 442.613
  3 22.8361 567.574 443.469
  4 32.8361 574.126 444.318
  5 42.8361 564.254 444.441
  6 52.8361 599.499 445.443
  7 62.8361 600.156 444.545
  8 72.8361 582.093 445.906
  9 82.8361 568.17 448.942
  10 92.8361 557.675 444.616
  11 102.836 573.161 438.947
  12 112.836 592.06 434.929
  13 122.836 576.927 432.266
  14 132.836 556.601 429.307
  15 142.836 587.906 429.002
  16 152.836 567.459 429.251
  17 162.836 570.736 433.364
  18 172.836 568.784 436.857
  19 182.836 554.332 437.479
  20 192.836 577.487 439.687
  21 202.836 27.8204 445.21
1000000 21 11520.000000000002
  1 2.83609 567.701 439.017
  2 12.8361 586.321 440.331
  3 22.8361 566.425 444.598
  4 32.8361 574.814 444.333
  5 42.8361 564.351 449.263
  6 52.8361 600.046 450.025
  7 62.8361 600.635 446.036
  8 72.8361 582.303 443.653
  9 82.8361 567.102 442.263
  10 92.8361 557.334 440.635
  11 102.836 571.726 439.758
  12 112.836 592.989 438.304
  13 122.836 576.705 435.927
  14 132.836 556.264 437.096
  15 142.836 588.595 437.06
  16 152.836 567.482 432.877
  17 162.836 570.815 432.676
  18 172.836 568.702 432.984
  19 182.836 554.021 436.619
  20 192.836 578.023 437.142
  21 202.836 27.6462 438.313
