# Chunk-averaged data for fix 4 and group all
# Timestep Number-of-chunks Total-count
# Chunk Coord1 Ncount v_atemp
100000 21 11520
  1 2.83609 569.38 358.045
  2 12.8361 586.297 362.351
  3 22.8361 569.179 364.62
  4 32.8361 572.192 370.086
  5 42.8361 573.698 370.951
  6 52.8361 598.324 369.255
  7 62.8361 603.644 364.898
  8 72.8361 560.578 362.149
  9 82.8361 562.526 359.897
  10 92.8361 562.199 357.546
  11 102.836 567.873 355.188
  12 112.836 589.949 354.445
  13 122.836 572.892 354.429
  14 132.836 568.246 352.736
  15 142.836 588.177 349.154
  16 152.836 571.777 346.166
  17 162.836 571.149 349.064
  18 172.836 576.583 351.51
  19 182.836 555.548 353.302
  20 192.836 573.033 357.012
  21 202.836 26.7558 355.3
200000 21 11520
  1 2.83609 569.654 359.031
  2 12.8361 587.037 361.238
  3 22.8361 571.363 364.044
  4 32.8361 569.135 367.255
  5 42.8361 575.314 372.047
  6 52.8361 594.886 374.31
  7 62.8361 605.405 375.006
  8 72.8361 561.938 375.471
  9 82.8361 562.689 371.931
  10 92.8361 562.967 369.539
  11 102.836 567.506 366.533
  12 112.836 587.669 363.632
  13 122.836 572.936 362.832
  14 132.836 567.447 360.603
  15 142.836 588.639 356.349
  16 152.836 570.029 356.105
  17 162.836 572.789 357.266
  18 172.836 576.446 358.414
  19 182.836 556.093 359.785
  20 192.836 574.587 360.865
  21 202.836 25.4711 358.02
300000 21 11520
  1 2.83609 570.834 368.374
  2 12.8361 586.75 371.193
  3 22.8361 572.423 373.798
  4 32.8361 568.528 376.884
  5 42.8361 573.466 381.773
  6 52.8361 594.592 383.121
  7 62.8361 605.735 378.359
  8 72.8361 560.866 375.232
  9 82.8361 561.536 372.502
  10 92.8361 563.233 370.805
  11 102.836 567.892 371.855
  12 112.836 588.882 369.504
  13 122.836 572.412 366.57
  14 132.836 567.436 361.544
  15 142.836 590.173 360.191
  16 152.836 570.008 357.817
  17 162.836 571.795 363.535
  18 172.836 574.897 365.127
  19 182.836 556.43 366.279
  20 192.836 578.422 365.365
  21 202.836 23.6901 368.795
400000 21 11520.000000000002
  1 2.83609 571.54 372.325
  2 12.8361 587.133 375.566
  3 22.8361 572.346 378.182
  4 32.8361 568.329 380.597
  5 42.8361 572.638 385.929
  6 52.8361 595.891 385.699
  7 62.8361 606.467 381.675
  8 72.8361 559.699 381.494
  9 82.8361 559.752 381.609
  10 92.8361 561.848 377.778
  11 102.836 570.223 375.169
  12 112.836 589.444 371.952
  13 122.836 573.059 369.221
  14 132.836 568.169 365.359
  15 142.836 589.384 363.862
  16 152.836 569.688 362.073
  17 162.836 570.181 365.141
  18 172.836 575.065 367.358
  19 182.836 556.647 368.642
  20 192.836 578.376 369.345
  21 202.836 24.121 369.238
500000 21 11519.999999999996
  1 2.83609 572.642 378.762
  2 12.8361 586.114 380.451
  3 22.8361 572.684 380.522
  4 32.8361 565.875 381.056
  5 42.8361 574.862 384.764
  6 52.8361 596.832 384.72
  7 62.8361 605.44 386.269
  8 72.8361 560.607 387.171
  9 82.8361 559.14 385.622
  10 92.8361 560.62 378.649
  11 102.836 569.696 378.215
  12 112.836 590.284 377.98
  13 122.836 570.85 376.096
  14 132.836 569.431 374.228
  15 142.836 589.391 370.96
  16 152.836 570.041 369.704
  17 162.836 570.138 372.695
  18 172.836 575.464 370.978
  19 182.836 557.019 373.188
  20 192.836 579.531 375.091
  21 202.836 23.3389 373.387
600000 21 11520.000000000002
  1 2.83609 573.05 382.431
  2 12.8361 584.681 383.61
  3 22.8361 572.888 389.001
  4 32.8361 566.614 391.762
  5 42.8361 573.715 392.894
  6 52.8361 595.468 392.06
  7 62.8361 606.399 390.524
  8 72.8361 561.331 387.014
  9 82.8361 557.477 386.46
  10 92.8361 560.677 385.26
  11 102.836 569.965 383.46
  12 112.836 590.922 381.294
  13 122.836 571.237 379.145
  14 132.836 568.733 378.19
  15 142.836 591.072 373.9
  16 152.836 569.431 371.861
  17 162.836 569.887 374.005
  18 172.836 574.818 374.723
  19 182.836 557.939 378.426
  20 192.836 579.153 382.31
  21 202.836 24.5432 380.899
700000 21 11520
  1 2.83609 572.672 386.762
  2 12.8361 585.275 387.735
  3 22.8361 572.081 387.678
  4 32.8361 567.096 392.04
  5 42.8361 575.543 394.753
  6 52.8361 594.096 397.755
  7 62.8361 607.383 392.044
  8 72.8361 561.674 387.577
  9 82.8361 556.12 385.387
  10 92.8361 562.786 384.039
  11 102.836 569.745 383.223
  12 112.836 589.733 379.182
  13 122.836 572.957 377.089
  14 132.836 567.404 375.306
  15 142.836 590.554 374.276
  16 152.836 567.834 374.16
  17 162.836 569.85 375.443
  18 172.836 575.203 382.732
  19 182.836 558.375 385.907
  20 192.836 577.942 387.123
  21 202.836 25.677 386.587
800000 21 11520
  1 2.83609 571.685 387.854
  2 12.8361 587.911 391.125
  3 22.8361 571.279 393.31
  4 32.8361 567.393 395.258
  5 42.8361 576.008 397.609
  6 52.8361 595.724 396.913
  7 62.8361 605.63 394.21
  8 72.8361 563.084 390.418
  9 82.8361 554.709 386.976
  10 92.8361 564.044 385.092
  11 102.836 567.509 382.968
  12 112.836 592.191 377.577
  13 122.836 573.407 377.335
  14 132.836 566.317 376.712
  15 142.836 589.966 377.428
  16 152.836 567.184 376.348
  17 162.836 569.032 381.555
  18 172.836 574.826 382.969
  19 182.836 557.032 383.297
  20 192.836 577.447 385.882
  21 202.836 27.6216 386.49
900000 21 11520
  1 2.83609 571.603 389.74
  2 12.8361 587.58 390.105
  3 22.8361 571.342 394.137
  4 32.8361 567.123 396.028
  5 42.8361 575.431 398.283
  6 52.8361 594.971 398.573
  7 62.8361 605.606 397.095
  8 72.8361 562.033 394.933
  9 82.8361 556.69 394.152
  10 92.8361 562.519 391.021
  11 102.836 568.44 387.515
  12 112.836 593.852 385.177
  13 122.836 571.927 384.643
  14 132.836 567.17 382.062
  15 142.836 588.662 376.142
  16 152.836 570.851 375.526
  17 162.836 568.586 379.399
  18 172.836 574.785 382.637
  19 182.836 558.183 384.71
  20 192.836 576.003 386.162
  21 202.836 26.6443 390.223
1000000 21 11519.999999999998
  1 2.83609 571.081 393.998
  2 12.8361 587.315 392.322
  3 22.8361 570.703 396.242
  4 32.8361 566.928 399.838
  5 42.8361 575.117 400.691
  6 52.8361 595.004 403.544
  7 62.8361 606.178 401.085
  8 72.8361 564.771 398.505
  9 82.8361 556.747 395.466
  10 92.8361 561.309 393.044
  11 102.836 571.207 387.61
  12 112.836 593.219 385.301
  13 122.836 572.509 387.476
  14 132.836 565.125 384.26
  15 142.836 586.984 382.411
  16 152.836 572.174 381.639
  17 162.836 568.64 385.076
  18 172.836 574.36 387.79
  19 182.836 558.506 387.679
  20 192.836 574.826 390.592
  21 202.836 27.2972 393.086
