# Chunk-averaged data for fix 4 and group all
# Timestep Number-of-chunks Total-count
# Chunk Coord1 Ncount v_atemp
100000 61 34560
  1 -1.40616 578.949 932.92
  2 8.59384 615.735 928.76
  3 18.5938 600.816 931.612
  4 28.5938 588.602 936.86
  5 38.5938 577.52 938.296
  6 48.5938 581.316 941.071
  7 58.5938 563.572 943.554
  8 68.5938 559.939 945.776
  9 78.5938 554.738 949.078
  10 88.5938 541.49 952.635
  11 98.5938 534.408 954.617
  12 108.594 554.921 954.756
  13 118.594 555.952 954.136
  14 128.594 574.479 951.229
  15 138.594 592.436 951.662
  16 148.594 574.795 959.022
  17 158.594 558.662 954.582
  18 168.594 583.753 954.356
  19 178.594 583.25 954.149
  20 188.594 594.076 952.848
  21 198.594 596.462 949.209
  22 208.594 614.511 945.044
  23 218.594 542.23 941.424
  24 228.594 584.139 935.488
  25 238.594 601.422 929.65
  26 248.594 583.113 919.085
  27 258.594 615.847 916.992
  28 268.594 630.008 921.332
  29 278.594 592.852 915.979
  30 288.594 575.567 915.71
  31 298.594 550.305 914.799
  32 308.594 550.583 913.549
  33 318.594 560.207 910.757
  34 328.594 582.964 905.462
  35 338.594 591.433 909.09
  36 348.594 575.209 898.198
  37 358.594 574.26 894.467
  38 368.594 589.907 897.201
  39 378.594 581.568 903.934
  40 388.594 593.218 901.848
  41 398.594 569.426 895.513
  42 408.594 573.99 894.039
  43 418.594 580.882 896.672
  44 428.594 568.546 898.74
  45 438.594 607.341 895.46
  46 448.594 595.757 898.146
  47 458.594 573.482 904.644
  48 468.594 557.877 908.578
  49 478.594 567.238 916.003
  50 488.594 559.669 911.727
  51 498.594 540.449 908.448
  52 508.594 551.354 910.733
  53 518.594 544.577 914.286
  54 528.594 564.299 914.086
  55 538.594 534.784 914.714
  56 548.594 555.021 915.714
  57 558.594 583.5 920.786
  58 568.594 563.243 927.247
  59 578.594 566.377 933.817
  60 588.594 571.832 929.585
  61 598.594 75.1402 931.144
200000 61 34560.000000000015
  1 -1.40616 578.87 934.533
  2 8.59384 616.057 932.287
  3 18.5938 602.355 927.889
  4 28.5938 587.28 932.93
  5 38.5938 578.805 934.499
  6 48.5938 579.412 944.899
  7 58.5938 562.875 946.187
  8 68.5938 560.193 946.863
  9 78.5938 554.209 944.686
  10 88.5938 540.769 947.733
  11 98.5938 537.083 952.159
  12 108.594 553.156 953.201
  13 118.594 557 948.665
  14 128.594 574.581 950.496
  15 138.594 591.89 950.91
  16 148.594 575.455 953.603
  17 158.594 560.032 950.737
  18 168.594 584.069 952.19
  19 178.594 582.573 956.65
  20 188.594 594.738 954.949
  21 198.594 594.696 953.125
  22 208.594 614.832 944.796
  23 218.594 543.488 943.354
  24 228.594 580.931 939.49
  25 238.594 602.649 933.361
  26 248.594 583.66 928.55
  27 258.594 614.866 922.896
  28 268.594 630.937 916.239
  29 278.594 592.225 921.623
  30 288.594 575.214 921.062
  31 298.594 550.966 917.31
  32 308.594 550.187 922.104
  33 318.594 560.364 911.615
  34 328.594 582.084 905.035
  35 338.594 594.054 905.008
  36 348.594 574.509 908.621
  37 358.594 573.937 904.61
  38 368.594 589.671 900.78
  39 378.594 582.109 903.993
  40 388.594 593.421 900.537
  41 398.594 569.137 895.524
  42 408.594 573.604 900.507
  43 418.594 580.859 899.855
  44 428.594 569.069 890.089
  45 438.594 606.676 885.72
  46 448.594 595.579 886.129
  47 458.594 573.565 895.31
  48 468.594 558.983 902.707
  49 478.594 566.741 913.645
  50 488.594 559.836 921.361
  51 498.594 540.309 922.011
  52 508.594 551.423 916.734
  53 518.594 545.828 915.235
  54 528.594 563.436 920.628
  55 538.594 535.684 924.169
  56 548.594 554.493 931.072
  57 558.594 581.998 934.276
  58 568.594 562.716 937.05
  59 578.594 565.553 936.264
  60 588.594 574.067 940.504
  61 598.594 74.2381 936.74
300000 61 34559.99999999999
  1 -1.40616 579.737 936.305
  2 8.59384 615.727 945.049
  3 18.5938 604.573 945.663
  4 28.5938 585.886 945.174
  5 38.5938 580.567 942.147
  6 48.5938 578.158 940.471
  7 58.5938 562.279 940.879
  8 68.5938 560.978 939.481
  9 78.5938 553.696 946.501
  10 88.5938 541.931 947.951
  11 98.5938 535.171 954.351
  12 108.594 553.281 946.274
  13 118.594 557.208 950.36
  14 128.594 574.626 948.023
  15 138.594 591.353 958.778
  16 148.594 574.933 964.646
  17 158.594 558.216 966.222
  18 168.594 584.014 964.061
  19 178.594 584.796 960.225
  20 188.594 594.411 954.758
  21 198.594 594.775 952.065
  22 208.594 615.569 950.033
  23 218.594 544.45 941.887
  24 228.594 578.76 939.743
  25 238.594 603.534 936.791
  26 248.594 584.243 936.213
  27 258.594 613.144 937.063
  28 268.594 631.743 933.779
  29 278.594 592.436 923.992
  30 288.594 576.126 917.564
  31 298.594 550.004 915.181
  32 308.594 550.345 915.888
  33 318.594 558.638 911.781
  34 328.594 583.21 904.639
  35 338.594 596.697 902.309
  36 348.594 572.914 896.113
  37 358.594 574.394 897.004
  38 368.594 589.562 898.122
  39 378.594 581.906 900.276
  40 388.594 594.037 903.147
  41 398.594 568.052 902.86
  42 408.594 573.601 906.192
  43 418.594 581.05 902.151
  44 428.594 568.345 902.196
  45 438.594 607.666 903.648
  46 448.594 595.221 908.055
  47 458.594 572.819 905.25
  48 468.594 558.568 901.738
  49 478.594 567.5 900.047
  50 488.594 560.16 903.04
  51 498.594 540.516 907.784
  52 508.594 551.701 916.758
  53 518.594 545.302 922.437
  54 528.594 563.185 924.212
  55 538.594 535.47 922.517
  56 548.594 554.045 924.89
  57 558.594 581.301 923.511
  58 568.594 563.893 926.963
  59 578.594 564.925 927.688
  60 588.594 574.509 928.167
  61 598.594 74.1401 930.484
400000 61 34560.00000000001
  1 -1.40616 577.771 941.768
  2 8.59384 614.843 939.125
  3 18.5938 604.171 934.628
  4 28.5938 585.15 929.726
  5 38.5938 580.79 931.278
  6 48.5938 578.534 939.146
  7 58.5938 561.806 938.537
  8 68.5938 560.796 938.966
  9 78.5938 554.893 939.858
  10 88.5938 540.44 940.39
  11 98.5938 536.007 952.077
  12 108.594 553.598 950.879
  13 118.594 558.893 946.457
  14 128.594 572.036 961.044
  15 138.594 590.307 966.641
  16 148.594 578.067 963.531
  17 158.594 560.057 961.801
  18 168.594 584.115 956.911
  19 178.594 583.987 956.339
  20 188.594 595.744 955.697
  21 198.594 593.914 954.007
  22 208.594 614.604 949.163
  23 218.594 546.283 948.667
  24 228.594 577.046 941.393
  25 238.594 603.749 933.919
  26 248.594 584.607 931.292
  27 258.594 613.048 934.036
  28 268.594 632.37 933.128
  29 278.594 592.714 926.236
  30 288.594 576.475 922.689
  31 298.594 549.376 920.771
  32 308.594 549.447 919.65
  33 318.594 558.152 918.683
  34 328.594 582.961 914.409
  35 338.594 595.215 916.889
  36 348.594 573.293 914.241
  37 358.594 574.031 918.167
  38 368.594 588.998 914.658
  39 378.594 580.971 911.81
  40 388.594 595.667 910.293
  41 398.594 567.199 909.168
  42 408.594 573.359 904.77
  43 418.594 581.746 903.792
  44 428.594 567.464 906.963
  45 438.594 607.907 903.452
  46 448.594 596.833 902.313
  47 458.594 572.915 902.726
  48 468.594 558.958 903.14
  49 478.594 567.175 905.187
  50 488.594 559.593 902.06
  51 498.594 540.335 909.974
  52 508.594 553.287 911.134
  53 518.594 544.699 912.558
  54 528.594 563.508 918.204
  55 538.594 536.29 920.309
  56 548.594 553.43 924.048
  57 558.594 580.232 921.185
  58 568.594 565.33 921.302
  59 578.594 564.55 925.058
  60 588.594 574.7 934.558
  61 598.594 75.5632 942.537
500000 61 34560.00000000001
  1 -1.40616 577.918 931.643
  2 8.59384 614.517 928.256
  3 18.5938 605.216 932.695
  4 28.5938 584.951 930.638
  5 38.5938 580.5 937.841
  6 48.5938 577.9 940.762
  7 58.5938 563.296 937.358
  8 68.5938 561.12 936.357
  9 78.5938 554.434 941.066
  10 88.5938 540.347 949.29
  11 98.5938 534.808 945.683
  12 108.594 553.425 952.243
  13 118.594 560.578 954.037
  14 128.594 571.3 958.769
  15 138.594 591.4 963.165
  16 148.594 577.092 969.044
  17 158.594 560.686 971.682
  18 168.594 581.533 969.144
  19 178.594 584.264 966.21
  20 188.594 594.56 963.107
  21 198.594 593.354 951.76
  22 208.594 614.847 945.32
  23 218.594 546.356 946.446
  24 228.594 577.83 944.171
  25 238.594 603.476 935.908
  26 248.594 584.892 936.558
  27 258.594 615.871 933.016
  28 268.594 629.558 933.795
  29 278.594 593.523 932.729
  30 288.594 575.777 926.014
  31 298.594 550.144 922.218
  32 308.594 549.411 920.382
  33 318.594 559.276 917.729
  34 328.594 580.369 917.003
  35 338.594 595.018 916.638
  36 348.594 574.878 918.08
  37 358.594 574.474 915.988
  38 368.594 588.669 911.712
  39 378.594 582.141 905.59
  40 388.594 593.58 906.719
  41 398.594 567.158 914.794
  42 408.594 573.918 913.867
  43 418.594 581.168 907.993
  44 428.594 567.942 907.768
  45 438.594 609.365 910.474
  46 448.594 593.413 911.602
  47 458.594 574.03 908.647
  48 468.594 558.588 914.7
  49 478.594 567.184 916.391
  50 488.594 560.127 911.821
  51 498.594 538.981 916.466
  52 508.594 554.507 908.592
  53 518.594 545.863 907.558
  54 528.594 563.213 905.085
  55 538.594 536.881 908.817
  56 548.594 554.836 911.143
  57 558.594 579.332 917.529
  58 568.594 564.155 911.683
  59 578.594 565.24 916.909
  60 588.594 575.017 927.854
  61 598.594 75.7882 926.231
600000 61 34560.00000000001
  1 -1.40616 577.392 931.231
  2 8.59384 615.412 930.415
  3 18.5938 604.29 933.179
  4 28.5938 586.581 936.528
  5 38.5938 580.967 935.895
  6 48.5938 578.859 938.797
  7 58.5938 564.009 942.39
  8 68.5938 561.105 948.731
  9 78.5938 553.017 956.387
  10 88.5938 541.294 957.861
  11 98.5938 534.67 955.157
  12 108.594 552.388 957.896
  13 118.594 562.149 958.127
  14 128.594 571.282 959.129
  15 138.594 591.318 957.731
  16 148.594 576.276 965.317
  17 158.594 561.47 966.814
  18 168.594 580.747 965.52
  19 178.594 583.976 960.389
  20 188.594 594.961 949.434
  21 198.594 595.122 951.853
  22 208.594 614.529 950.595
  23 218.594 546.521 947.069
  24 228.594 579.374 947.862
  25 238.594 602.246 950.284
  26 248.594 584.888 944.958
  27 258.594 620.995 934.589
  28 268.594 626.855 933.973
  29 278.594 593.799 935.258
  30 288.594 575.471 932.479
  31 298.594 547.38 930.043
  32 308.594 548.552 928.615
  33 318.594 557.669 928.468
  34 328.594 580.897 924.976
  35 338.594 594.533 919.779
  36 348.594 575.293 915.129
  37 358.594 573.902 910.539
  38 368.594 589.505 909.897
  39 378.594 581.298 903.482
  40 388.594 593.557 905.223
  41 398.594 567.053 904.253
  42 408.594 574.07 903.69
  43 418.594 581.06 905.753
  44 428.594 569.833 906.599
  45 438.594 609.303 904.308
  46 448.594 593.34 904.251
  47 458.594 573.581 903.507
  48 468.594 557.495 900.413
  49 478.594 567.873 905.528
  50 488.594 560.482 908.251
  51 498.594 538.512 909.396
  52 508.594 552.584 910.432
  53 518.594 545.285 910.526
  54 528.594 564.437 909.635
  55 538.594 535.774 912.825
  56 548.594 554.87 914.913
  57 558.594 580.156 921.185
  58 568.594 563.382 921.605
  59 578.594 564.518 924.148
  60 588.594 576.257 927.771
  61 598.594 75.5816 930.705
700000 61 34560
  1 -1.40616 575.683 927.724
  2 8.59384 615.075 925.275
  3 18.5938 603.122 928.74
  4 28.5938 591.547 938.549
  5 38.5938 578.718 942.86
  6 48.5938 576.485 948.724
  7 58.5938 566.475 957.352
  8 68.5938 560.942 958.65
  9 78.5938 552.155 962.772
  10 88.5938 541.806 963.928
  11 98.5938 534.486 964.429
  12 108.594 552.056 965.327
  13 118.594 562 965.499
  14 128.594 572.351 963.666
  15 138.594 591.189 965.046
  16 148.594 575.565 964.523
  17 158.594 560.576 963.961
  18 168.594 579.402 961.488
  19 178.594 584.619 954.474
  20 188.594 594.372 952.54
  21 198.594 594.194 950.654
  22 208.594 615.872 952.927
  23 218.594 544.444 947.493
  24 228.594 581.903 942.116
  25 238.594 602.4 938.596
  26 248.594 583.459 931.254
  27 258.594 623.601 929.128
  28 268.594 627.103 928.268
  29 278.594 594.03 931.53
  30 288.594 577.048 928.67
  31 298.594 545.777 928.3
  32 308.594 546.753 924.424
  33 318.594 557.265 922.738
  34 328.594 583.446 921.295
  35 338.594 593.426 922.419
  36 348.594 574.772 922.339
  37 358.594 573.983 918.11
  38 368.594 589.166 920.665
  39 378.594 579.376 924.739
  40 388.594 594.992 919.784
  41 398.594 565.945 909.575
  42 408.594 574.406 910.276
  43 418.594 581.229 910.546
  44 428.594 570.105 905.872
  45 438.594 609.964 907.746
  46 448.594 593.955 902.542
  47 458.594 572.247 909.311
  48 468.594 559.425 905.635
  49 478.594 567.285 904.478
  50 488.594 559.789 906.126
  51 498.594 538.907 905.788
  52 508.594 553.668 907.042
  53 518.594 545.061 910.738
  54 528.594 564.435 908.175
  55 538.594 535.222 905.74
  56 548.594 554.816 907.935
  57 558.594 579.655 904.885
  58 568.594 563.896 911.37
  59 578.594 563.793 919.073
  60 588.594 577.382 927.067
  61 598.594 77.1786 928.417
800000 61 34559.99999999999
  1 -1.40616 576.517 917.6
  2 8.59384 614.481 922.708
  3 18.5938 603.326 927.384
  4 28.5938 591.491 936.145
  5 38.5938 578.803 944.101
  6 48.5938 573.888 948.966
  7 58.5938 566.142 955.02
  8 68.5938 560.541 957.437
  9 78.5938 552.146 956.871
  10 88.5938 541.16 962.82
  11 98.5938 534.594 964.875
  12 108.594 552.036 968.799
  13 118.594 563.055 967.04
  14 128.594 568.923 971.407
  15 138.594 590.635 971.49
  16 148.594 576.419 972.72
  17 158.594 559.314 966.554
  18 168.594 580.03 965.087
  19 178.594 586.076 963.376
  20 188.594 594.312 955.077
  21 198.594 593.432 943.673
  22 208.594 616.835 939.577
  23 218.594 543.419 941.905
  24 228.594 579.322 939.424
  25 238.594 604.457 935.763
  26 248.594 581.378 934.478
  27 258.594 625.962 934.148
  28 268.594 627.036 931.671
  29 278.594 593.284 935.877
  30 288.594 576.875 941.443
  31 298.594 547.194 940.925
  32 308.594 546.096 941.403
  33 318.594 557.42 942.32
  34 328.594 583.223 936.218
  35 338.594 591.586 925.487
  36 348.594 575.723 923.869
  37 358.594 582.286 923.581
  38 368.594 591.643 919.459
  39 378.594 582.494 919.158
  40 388.594 590.362 915.496
  41 398.594 566.538 912.937
  42 408.594 573.089 908.347
  43 418.594 580.45 908.089
  44 428.594 568.423 907.894
  45 438.594 608.522 904.901
  46 448.594 595.855 901.639
  47 458.594 573.412 900.305
  48 468.594 560.768 898.484
  49 478.594 566.696 897.31
  50 488.594 559.716 901.191
  51 498.594 539.389 906.696
  52 508.594 553.955 907.388
  53 518.594 547.374 908.679
  54 528.594 561.658 908.898
  55 538.594 535.928 913.23
  56 548.594 551.038 912.213
  57 558.594 581.901 907.895
  58 568.594 563.681 907.972
  59 578.594 564.805 913.86
  60 588.594 576.261 916.658
  61 598.594 76.6273 915.037
900000 61 34560
  1 -1.40616 576.524 928.149
  2 8.59384 614.842 938.504
  3 18.5938 602.398 941.442
  4 28.5938 588.71 947.502
  5 38.5938 580.593 951.399
  6 48.5938 574.74 954.467
  7 58.5938 566.049 951.763
  8 68.5938 560.936 947.834
  9 78.5938 552.078 947.178
  10 88.5938 540.623 953.3
  11 98.5938 534.338 952.891
  12 108.594 553.403 951.551
  13 118.594 562.791 954.838
  14 128.594 569.193 960.054
  15 138.594 590.641 960.044
  16 148.594 576.952 966.104
  17 158.594 558.148 960.54
  18 168.594 583.797 957.516
  19 178.594 587.019 958.958
  20 188.594 593.057 955.414
  21 198.594 593.858 954.059
  22 208.594 615.742 950.187
  23 218.594 546.508 953.036
  24 228.594 578.634 954.654
  25 238.594 602.266 952.066
  26 248.594 580.208 951.249
  27 258.594 625.396 942.365
  28 268.594 628.147 941.824
  29 278.594 591.689 939.08
  30 288.594 577.479 939.303
  31 298.594 546.534 934.859
  32 308.594 546.501 930.87
  33 318.594 557.64 924.551
  34 328.594 581.269 924.361
  35 338.594 592.332 920.359
  36 348.594 575.812 920.933
  37 358.594 583.256 922.793
  38 368.594 590.982 917.733
  39 378.594 581.849 918.404
  40 388.594 591.591 914.592
  41 398.594 563.351 918.057
  42 408.594 572.552 915.584
  43 418.594 582.175 910.127
  44 428.594 565.791 907.786
  45 438.594 609.494 904.133
  46 448.594 595.765 899.689
  47 458.594 575.111 895.999
  48 468.594 561.026 892.886
  49 478.594 567.634 894.508
  50 488.594 559.561 894.307
  51 498.594 539.129 893.538
  52 508.594 553.195 898.845
  53 518.594 546.271 908.759
  54 528.594 562.685 909.322
  55 538.594 536.56 914.288
  56 548.594 552.361 925.636
  57 558.594 582.179 924.768
  58 568.594 563.16 926.564
  59 578.594 564.333 929.586
  60 588.594 576.631 926.07
  61 598.594 76.5105 925.527
1000000 61 34559.99999999999
  1 -1.40616 575.707 924.399
  2 8.59384 615.16 931.359
  3 18.5938 603.075 932.515
  4 28.5938 585.638 942.071
  5 38.5938 581.305 942.071
  6 48.5938 575.906 944.86
  7 58.5938 564.604 949.971
  8 68.5938 560.835 950.757
  9 78.5938 552.651 950.501
  10 88.5938 540.811 958.322
  11 98.5938 533.868 959.823
  12 108.594 554.094 957.706
  13 118.594 562.595 957.265
  14 128.594 567.755 956.133
  15 138.594 590.127 971.399
  16 148.594 579.991 978.389
  17 158.594 557.665 972.228
  18 168.594 584.383 964.548
  19 178.594 589.296 958.259
  20 188.594 592.47 954.866
  21 198.594 596.388 946.535
  22 208.594 614.385 944.837
  23 218.594 549.914 945.296
  24 228.594 577.68 941.817
  25 238.594 600.559 941.646
  26 248.594 580.181 939.367
  27 258.594 622.893 938.509
  28 268.594 628.482 935.347
  29 278.594 592.051 935.544
  30 288.594 578.28 931.426
  31 298.594 547.853 928.065
  32 308.594 545.905 930.71
  33 318.594 557.967 926.254
  34 328.594 581.607 926.199
  35 338.594 592.14 924.794
  36 348.594 575.489 924.705
  37 358.594 583.394 923.019
  38 368.594 589.799 920.446
  39 378.594 584.057 917.95
  40 388.594 588.668 908.802
  41 398.594 566.41 905.192
  42 408.594 571.77 907.513
  43 418.594 581.296 906.675
  44 428.594 571.97 905.669
  45 438.594 604.314 905.642
  46 448.594 595.953 904.618
  47 458.594 572.679 909.987
  48 468.594 561.08 913.533
  49 478.594 566.501 909.987
  50 488.594 560.253 911.176
  51 498.594 539.281 914.355
  52 508.594 552.457 917.402
  53 518.594 544.828 925.553
  54 528.594 563.415 926.889
  55 538.594 535.663 925.321
  56 548.594 553.905 925.041
  57 558.594 583.222 924.697
  58 568.594 561.797 924.434
  59 578.594 563.418 920.188
  60 588.594 576.628 916.064
  61 598.594 77.5302 917.41
